519 447
1 162 274
2 276 192
3 244 297
4 244 264
5 316 256
6 348 242
7 354 279
8 348 264
9 372 221
10 160 352
11 228 361
12 108 340
13 95 269
14 64 245
15 84 232
16 48 219
17 86 247
18 68 313
19 104 177
20 91 168
21 64 184
22 154 167
23 190 105
24 267 142
25 363 93
26 291 80
27 324 188
28 278 49
29 365 66
30 220 406
31 141 442
32 182 413
33 167 12
34 342 393
35 383 438
36 384 387
37 460 194
38 434 319
39 473 284
40 456 122
41 497 154
42 44 320
43 435 241
44 24 392
45 473 346
46 381 132
47 386 244
48 140 386 l
49 393 153 h
50 175 326 h
51 380 173 h
52 50 238 h
53 47 228 h
54 327 154 l
55 482 54 h
56a 310 308 h, 487 307, 436 477, 287 414
57a 110 186 h, 314 186, 316 212, 110 213
58 87 54 h
59 90 138 h
60 202 277 l
61 299 193 l
62 327 135 l
63 140 255
64 386 433 l
65 308 294
66 296 303
67a 170 332, 220 332, 219 372, 169 373
68 50 290
69a 44 204, 74 218, 74 251, 38 254, 28 218
70 122 140
71a 132 173, 133 275
72c 355 165, 374 176, 355 186, 339 176
73c 379 77, 404 90, 382 128
74 156 440
75a 80 397, 261 397
76 208 159 
77a 494 30 h, 506 57, 478 68, 445 49 m
78 307 105
79 503 58
80 217 442
81 464 172 
82c 440 216 l, 506 218, 500 294, 438 288
83c 58 204 h, 380 252, 166 453
84c 137 126 h, 247 138, 470 136, 470 156, 134 155
85c 298 332 l, 470 328, 434 461, 285 413
86 108 386 l
87c 122 6 h, 82 23 l
88 254 221
89 238 239 h
